250.0000,214.4181,180.7780,149.7492,121.3572,95.3941
214.4181,176.8563,152.5199,114.9282,110.2151,84.4802
180.7780,152.5199,130.4614,120.8038,103.3652,71.9982
149.7492,114.9282,120.8038,92.1103,74.7200,58.4808
121.3572,110.2151,103.3652,74.7200,74.3215,44.3681
95.3941,84.4802,71.9982,58.4808,44.3681,30.0000
